3,1
3,3
10,25
10,139
10,137
10,73
10,153
10,169
9,7
9,5
9,2
9,3
8,13
8,7
8,6
8,9
8,2
8,3
160,4
160,3
160,2
160,1
160,0
159,4
159,3
159,2
159,1
159,0
34,3
34,1
20,3
20,2
20,1
19,3
19,2
19,1
12,3
12,2
12,1
11,30
11,29
11,28
11,27
11,26
11,25
11,24
11,23
11,22
11,21
11,20
11,19
11,18
11,17
11,16
11,15
11,14
11,13
11,12
11,11
11,10
11,9
11,8
11,7
11,6
11,5
11,4
11,3
11,2
11,1
10,317
10,315
10,313
10,311
10,308
10,307
10,299
10,298
10,297
10,295
10,292
10,288
10,286
10,274
10,272
10,270
10,268
10,267
10,266
10,265
10,263
10,262
10,260
10,259
10,257
18,1
18,3
14,1
14,3
13,1
10,256
13,3
10,251
10,248
10,244
10,240
10,239
10,238
10,237
10,236
10,235
10,232
10,230
10,227
10,226
10,225
10,224
10,217
10,216
